#############################################
#
# Calibration file
#
#
#############################################


gain_labr = \
1   1   1   1   1   1   1   1   1   1 \
1   1   1   1   1   1   1   1   1   1 \
1   1   1   1   1   1   1   1   1   1

shift_labr = \
0   0   0   0   0   0   0   0   0   0 \
0   0   0   0   0   0   0   0   0   0 \
0   0   0   0   0   0   0   0   0   0

gain_de = \
1   1   1   1   1   1   1   1 \
1   1   1   1   1   1   1   1 \
1   1   1   1   1   1   1   1 \
1   1   1   1   1   1   1   1 \
1   1   1   1   1   1   1   1 \
1   1   1   1   1   1   1   1 \
1   1   1   1   1   1   1   1 \
1   1   1   1   1   1   1   1

shift_de = \
0   0   0   0   0   0   0   0 \
0   0   0   0   0   0   0   0 \
0   0   0   0   0   0   0   0 \
0   0   0   0   0   0   0   0 \
0   0   0   0   0   0   0   0 \
0   0   0   0   0   0   0   0 \
0   0   0   0   0   0   0   0 \
0   0   0   0   0   0   0   0


gain_e = \
1   1   1   1   1   1   1   1


shift_e = \
0   0   0   0   0   0   0   0

t0_labr = \
0   6.541   0   0   0   0   0   0   0   0 \
0   0   0   0   0   0   0   0   0   0 \
0   0   0   0   0   0   0   0   0   0

t0_de = \
0   0   0   0   0   0   0   0 \
0   0   0   0   0   0   0   0 \
0   0   0   0   0   0   0   0 \
0   0   0   0   0   0   0   0 \
0   0   0   0   0   0   0   0 \
0   0   0   0   0   0   0   0 \
0   0   0   0   0   0   0   0 \
0   0   0   0   0   0   0   0

t0_e = \
0   0   0   0   0   0   0   0

t0_ppac = \
0   0   0   0

